Moscow
5 1 0 49 94 8 London
20 15 1 47 61 20 Oslo
22 12 2 57 108 22 Moscow
10 57 3 54 132 13 Tokyo
19 31 4 36 71 18 Oslo
9 57 5 18 120 35 Oslo
22 38 6 42 128 39 Paris
14 22 7 50 159 20 Tokyo
1 23 8 15 81 5 Oslo
3 56 9 53 71 23 New York
4 26 10 57 132 39 London
23 11 11 42 130 36 Paris
0 25 12 54 146 14 Moscow
15 28 13 55 110 19 Paris
1 24 14 11 99 21 Moscow
8 46 15 11 116 13 London
8 19 16 12 121 3 Oslo
0 4 17 36 158 15 Mykolaiv
2 30 18 22 83 8 Oslo
16 8 19 38 76 22 Oslo
22 43 20 51 126 21 Mykolaiv
10 54 21 45 144 14 London
14 22 22 40 87 0 Moscow
15 40 23 59 144 1 Mykolaiv
3 48 24 39 105 8 Moscow
21 18 25 33 127 37 New York
12 19 26 45 139 11 London
11 11 27 16 131 19 Oslo
12 11 28 26 148 24 Paris
2 34 29 36 62 34 Tokyo
12 54 30 14 104 6 New York
21 28 31 12 109 34 Oslo
22 32 32 17 127 16 Moscow
1 1 33 50 112 23 Tokyo
0 22 34 40 75 34 Tokyo
7 3 35 17 71 22 Paris
11 50 36 14 129 25 Mykolaiv
9 16 37 14 117 11 Tokyo
15 10 38 40 71 29 Oslo
12 16 39 42 151 38 New York
5 40 40 23 60 28 Oslo
21 35 41 32 93 0 Oslo
4 10 42 25 122 37 London
14 5 43 43 88 0 Oslo
12 31 44 22 94 39 Moscow
23 45 45 19 86 14 Oslo
18 10 46 16 159 27 Paris
3 3 47 57 131 25 London
19 8 48 50 110 0 New York
16 12 49 31 116 2 Mykolaiv
19 55 50 32 128 38 Tokyo
21 8 51 22 89 11 Oslo
13 41 52 26 85 33 Moscow
16 33 53 17 116 5 Paris
19 31 54 31 74 3 Oslo
9 2 55 25 158 8 New York
5 36 56 26 80 21 New York
1 53 57 20 141 23 Mykolaiv
23 56 58 13 136 21 London
22 42 59 41 99 2 Tokyo
22 37 60 36 110 23 Oslo
12 43 61 50 106 0 Tokyo
2 46 62 19 61 24 London
6 12 63 58 116 16 Moscow
12 2 64 37 61 39 Mykolaiv
20 56 65 15 104 39 Paris
0 24 66 50 132 19 Tokyo
1 7 67 34 152 29 Moscow
1 52 68 27 81 27 London
9 32 69 21 94 9 New York
6 50 70 48 125 19 New York
16 37 71 55 66 26 Oslo
7 41 72 59 135 23 Tokyo
15 28 73 18 81 30 Tokyo
9 17 74 50 74 17 Mykolaiv
21 5 75 38 122 12 Oslo
11 12 76 48 87 27 London
5 0 77 54 68 35 London
12 22 78 37 106 37 New York
11 37 79 21 127 37 Mykolaiv
17 19 80 26 113 38 Tokyo
2 21 81 24 113 32 Tokyo
16 38 82 33 90 28 Paris
9 31 83 45 85 8 Moscow
22 57 84 21 148 33 Mykolaiv
5 49 85 23 128 5 Mykolaiv
12 47 86 21 107 22 Tokyo
8 45 87 15 75 26 Tokyo
6 36 88 59 128 15 Moscow
12 5 89 57 102 30 Moscow
6 29 90 36 152 17 Oslo
21 48 91 55 128 28 New York
10 4 92 33 92 23 Tokyo
23 1 93 51 145 10 Moscow
8 8 94 34 75 6 Tokyo
6 54 95 55 145 1 New York
21 32 96 28 82 15 Mykolaiv
20 40 97 43 156 16 London
19 53 98 55 66 32 Paris
5 18 99 52 120 9 